Iterations	loss_lab	loss_unl	train_err	test_err
				
				
				
10000)				
				
0,	10.9478,	0.2678,	0.8590,	0.6750
1,	2.4700,	0.0361,	0.8600,	0.6750
2,	2.1295,	0.0345,	0.8070,	0.6750
3,	2.1797,	0.0296,	0.8050,	0.6750
4,	1.9604,	0.0248,	0.7150,	0.6850
5,	2.4083,	0.0319,	0.7970,	0.6950
6,	2.0493,	0.0330,	0.7660,	0.7000
7,	1.9448,	0.0264,	0.7370,	0.7050
8,	2.0175,	0.0280,	0.7080,	0.7550
9,	1.8967,	0.0257,	0.6660,	0.7650
10,	2.4131,	0.0179,	0.6120,	0.7450
11,	2.5962,	0.0430,	0.8020,	0.7800
12,	2.1315,	0.0365,	0.7900,	0.8200
13,	2.0533,	0.0272,	0.7340,	0.8350
14,	1.8577,	0.0321,	0.7220,	0.8400
15,	1.8834,	0.0240,	0.6630,	0.8400
16,	1.8582,	0.0210,	0.6730,	0.8400
17,	1.9452,	0.0154,	0.6440,	0.8400
18,	1.9635,	0.0188,	0.6750,	0.8400
19,	1.5878,	0.0233,	0.6110,	0.8400
20,	1.3325,	0.0123,	0.5350,	0.8400
21,	1.2316,	0.0250,	0.4630,	0.8400
22,	0.9967,	0.6712,	0.3810,	0.8400
23,	1.1316,	0.0484,	0.4430,	0.8400
24,	0.6283,	0.2105,	0.2240,	0.8400
25,	1.3529,	0.0751,	0.4120,	0.8400
26,	0.3594,	0.0945,	0.1260,	0.8400
27,	0.1930,	0.0314,	0.0580,	0.8400
28,	0.1170,	0.0117,	0.0440,	0.8400
29,	1.7411,	0.0082,	0.4380,	0.8400
30,	0.5091,	0.0240,	0.1560,	0.8400
31,	0.1416,	0.0093,	0.0370,	0.8400
32,	0.0519,	0.0062,	0.0130,	0.8400
33,	0.0484,	0.0072,	0.0180,	0.8400
34,	0.0187,	0.0041,	0.0040,	0.8400
35,	0.0185,	0.0034,	0.0060,	0.8400
36,	1.6226,	0.0048,	0.3200,	0.8400
37,	0.9107,	0.0148,	0.3110,	0.8400
38,	0.3352,	0.0066,	0.0970,	0.8350
39,	0.1361,	0.0026,	0.0330,	0.8350
40,	0.0671,	0.0017,	0.0150,	0.8350
41,	0.0397,	0.0015,	0.0080,	0.8350
42,	0.0232,	0.0009,	0.0060,	0.8300
43,	0.0225,	0.0006,	0.0080,	0.8250
44,	0.0162,	0.0003,	0.0040,	0.8250
45,	0.0088,	0.0002,	0.0020,	0.8250
46,	0.0095,	0.0002,	0.0020,	0.8250
47,	0.0070,	0.0003,	0.0000,	0.8250
48,	0.0139,	0.0002,	0.0050,	0.8250
49,	0.0060,	0.0001,	0.0020,	0.8250
50,	0.0069,	0.0002,	0.0030,	0.8200
51,	0.0051,	0.0001,	0.0000,	0.8200
52,	0.0079,	0.0001,	0.0010,	0.8250
53,	0.0039,	0.0001,	0.0010,	0.8250
54,	0.0016,	0.0001,	0.0000,	0.8250
55,	0.0013,	0.0001,	0.0000,	0.8250
56,	0.0014,	0.0001,	0.0000,	0.8300
57,	0.0009,	0.0001,	0.0000,	0.8300
58,	0.0011,	0.0001,	0.0000,	0.8300
59,	0.0019,	0.0001,	0.0000,	0.8250
60,	0.0039,	0.0001,	0.0010,	0.8250
61,	0.0033,	0.0001,	0.0000,	0.8250
62,	0.0020,	0.0001,	0.0000,	0.8250
63,	0.0024,	0.0000,	0.0010,	0.8250
64,	0.0015,	0.0001,	0.0000,	0.8250
65,	0.0009,	0.0001,	0.0000,	0.8250
66,	0.0005,	0.0000,	0.0000,	0.8200
67,	0.0007,	0.0000,	0.0000,	0.8200
68,	0.0018,	0.0000,	0.0000,	0.8150
69,	0.0008,	0.0000,	0.0000,	0.8150
70,	0.0005,	0.0000,	0.0000,	0.8150
71,	0.0007,	0.0000,	0.0000,	0.8150
72,	0.0005,	0.0000,	0.0000,	0.8150
73,	0.0006,	0.0000,	0.0000,	0.8200
74,	0.0061,	0.0000,	0.0020,	0.8200
75,	0.0057,	0.0001,	0.0010,	0.8200
76,	0.0027,	0.0000,	0.0010,	0.8200
77,	0.0009,	0.0000,	0.0000,	0.8150
78,	0.0008,	0.0000,	0.0000,	0.8150
79,	0.0007,	0.0000,	0.0000,	0.8150
80,	0.0006,	0.0000,	0.0000,	0.8150
81,	0.0012,	0.0000,	0.0000,	0.8150
82,	0.0005,	0.0000,	0.0000,	0.8150
83,	0.0021,	0.0000,	0.0000,	0.8150
84,	0.0053,	0.0000,	0.0030,	0.8150
85,	4.1035,	0.0000,	0.1100,	0.8100
86,	5.6301,	0.0530,	0.8340,	0.8200
87,	2.1417,	0.0312,	0.8510,	0.8200
88,	2.1392,	0.0167,	0.8610,	0.8250
89,	2.1198,	0.0105,	0.8710,	0.8250
90,	2.1497,	0.0081,	0.8630,	0.8300
91,	2.0520,	0.0089,	0.8340,	0.8300
92,	2.0971,	0.0061,	0.8500,	0.8250
93,	2.0954,	0.0050,	0.8610,	0.8400
94,	2.0902,	0.0041,	0.8520,	0.8350
95,	2.0768,	0.0037,	0.8480,	0.8750
96,	2.1227,	0.0035,	0.8710,	0.8800
97,	2.1185,	0.0032,	0.8910,	0.8850
98,	2.0997,	0.0031,	0.8570,	0.9050
99,	2.0845,	0.0033,	0.8500,	0.9150
100,	2.0369,	0.0034,	0.8420,	0.9150
101,	2.0917,	0.0032,	0.8640,	0.9250
102,	2.0706,	0.0026,	0.8600,	0.9300
103,	2.0548,	0.0020,	0.8520,	0.9050
104,	2.0957,	0.0021,	0.8670,	0.9100
105,	2.0551,	0.0024,	0.8660,	0.9100
106,	2.0435,	0.0027,	0.8370,	0.9050
107,	2.0635,	0.0020,	0.8560,	0.9000
108,	2.0813,	0.0017,	0.8770,	0.9050
109,	2.0699,	0.0015,	0.8620,	0.9000
110,	2.0816,	0.0017,	0.8570,	0.8950
111,	2.0403,	0.0014,	0.8470,	0.8900
112,	2.0382,	0.0014,	0.8520,	0.8800
113,	2.0203,	0.0018,	0.8450,	0.8900
114,	2.0370,	0.0044,	0.8270,	0.8900
115,	2.0484,	0.0044,	0.8610,	0.8900
116,	2.0162,	0.0036,	0.8340,	0.8850
117,	1.9748,	0.0027,	0.8070,	0.8850
118,	1.9615,	0.0031,	0.8230,	0.8850
119,	1.9947,	0.0030,	0.8450,	0.8850
120,	1.8943,	0.0015,	0.7360,	0.8900
121,	2.1388,	0.0098,	0.8520,	0.8850
122,	2.0437,	0.0081,	0.8460,	0.8850
123,	2.0501,	0.0047,	0.8730,	0.8900
124,	2.0559,	0.0033,	0.8660,	0.8850
(most				
"train_AFEW_CASIA_featM.py",				
=				
"/usr/local/lib/python2.7/dist-packages/theano/compile/function_module.py",				
if				
				
 - DONE -
