Iterations	loss_lab	loss_unl	train_err	test_err
4096)				
de				
				
batch				
				
de				
				
batch				
				
batch				
				
de				
				
labeled				
4096)				
labeled				
4096)				
0,	5.4030,	0.1913,	0.8419,	0.8200
1,	2.1376,	0.0297,	0.8333,	0.7400
2,	2.1237,	0.0190,	0.8276,	0.7440
3,	2.1372,	0.0169,	0.8305,	0.7440
4,	2.0869,	0.0139,	0.8219,	0.7560
5,	2.0879,	0.0145,	0.8057,	0.7440
6,	2.0407,	0.0090,	0.7886,	0.7560
7,	2.0520,	0.0089,	0.8067,	0.7560
8,	2.0626,	0.0117,	0.7962,	0.7480
9,	1.9811,	0.0073,	0.7667,	0.7520
10,	2.0129,	0.0123,	0.8162,	0.7320
11,	2.0170,	0.0069,	0.8067,	0.7400
12,	1.9483,	0.0067,	0.7886,	0.7400
13,	1.9429,	0.0075,	0.7648,	0.7400
14,	1.9604,	0.0075,	0.7829,	0.7400
15,	1.9177,	0.0066,	0.7886,	0.7400
16,	1.8956,	0.0057,	0.7619,	0.7400
17,	1.8878,	0.0055,	0.7476,	0.7400
18,	1.8822,	0.0053,	0.7619,	0.7400
19,	1.9427,	0.0062,	0.7610,	0.7400
20,	1.8222,	0.0053,	0.7238,	0.7400
21,	1.8766,	0.0053,	0.7295,	0.7400
22,	1.8456,	0.0042,	0.7438,	0.7400
23,	1.8281,	0.0050,	0.7400,	0.7400
24,	1.7906,	0.0038,	0.7000,	0.7400
25,	1.8509,	0.0063,	0.7286,	0.7400
26,	1.8754,	0.0049,	0.7371,	0.7400
27,	1.7332,	0.0037,	0.6600,	0.7400
28,	1.6751,	0.0035,	0.6476,	0.7400
29,	1.7294,	0.0039,	0.6676,	0.7400
30,	1.7622,	0.0036,	0.6924,	0.7400
31,	1.6749,	0.0030,	0.6562,	0.7400
32,	1.7126,	0.0045,	0.6619,	0.7400
33,	1.7840,	0.0026,	0.6848,	0.7400
34,	1.6460,	0.0051,	0.6486,	0.7400
35,	1.8067,	0.0039,	0.6876,	0.7400
36,	1.7088,	0.0117,	0.6848,	0.7400
37,	1.6896,	0.0065,	0.6657,	0.7400
38,	1.6360,	0.0042,	0.6505,	0.7400
39,	1.6240,	0.0050,	0.6238,	0.7400
40,	1.6762,	0.0043,	0.6381,	0.7400
41,	1.6441,	0.0037,	0.6514,	0.7400
42,	1.6001,	0.0033,	0.6305,	0.7400
43,	1.6961,	0.0026,	0.6790,	0.7400
44,	1.6580,	0.0032,	0.6714,	0.7400
45,	1.6162,	0.0031,	0.6200,	0.7400
46,	1.5112,	0.0038,	0.5762,	0.7160
47,	1.6759,	0.0035,	0.6381,	0.7160
48,	1.5511,	0.0031,	0.5981,	0.7160
49,	2.1145,	0.0144,	0.7314,	0.7160
50,	1.7051,	0.0050,	0.6505,	0.7160
51,	1.5835,	0.0034,	0.6105,	0.7160
52,	1.6134,	0.0027,	0.6286,	0.7160
53,	1.5185,	0.0028,	0.5876,	0.7160
54,	1.5297,	0.0028,	0.6038,	0.7200
55,	1.6973,	0.0062,	0.6371,	0.7200
56,	1.5020,	0.0064,	0.5752,	0.7240
57,	1.4695,	0.0033,	0.5514,	0.7200
58,	1.5522,	0.0056,	0.5857,	0.7200
59,	1.3984,	0.0032,	0.5257,	0.7200
60,	1.4317,	0.0029,	0.5467,	0.7240
61,	1.4045,	0.0032,	0.5305,	0.7280
62,	1.4092,	0.0030,	0.5324,	0.7160
63,	1.4947,	0.0033,	0.5810,	0.7160
64,	1.4153,	0.0033,	0.5390,	0.7160
65,	1.3378,	0.0030,	0.5067,	0.7240
66,	1.2824,	0.0024,	0.4943,	0.7240
67,	1.3715,	0.0023,	0.5238,	0.7240
68,	1.2540,	0.0028,	0.4695,	0.7480
69,	1.4524,	0.0027,	0.5495,	0.7440
70,	1.3292,	0.0033,	0.5048,	0.7480
71,	1.2122,	0.0025,	0.4543,	0.7480
72,	1.2430,	0.0028,	0.4724,	0.7480
73,	1.3014,	0.0021,	0.4924,	0.7520
74,	1.2671,	0.0024,	0.4743,	0.7520
75,	1.2226,	0.0022,	0.4571,	0.7560
76,	1.3764,	0.0029,	0.5133,	0.7600
77,	1.2063,	0.0030,	0.4638,	0.7600
78,	1.2522,	0.0019,	0.4657,	0.7600
79,	1.1645,	0.0020,	0.4571,	0.7640
80,	1.3573,	0.0031,	0.5095,	0.7640
81,	1.1512,	0.0031,	0.4333,	0.7640
82,	1.2413,	0.0022,	0.4410,	0.7640
83,	1.1548,	0.0021,	0.4190,	0.7640
84,	1.1763,	0.0025,	0.4495,	0.7640
85,	1.1376,	0.0020,	0.4486,	0.7640
86,	1.1394,	0.0025,	0.4238,	0.7600
87,	1.1174,	0.0022,	0.4095,	0.7640
88,	1.1521,	0.0020,	0.4505,	0.7640
89,	1.0837,	0.0021,	0.4048,	0.7680
90,	1.1498,	0.0027,	0.4219,	0.7680
91,	1.0599,	0.0017,	0.4143,	0.7720
92,	1.0607,	0.0016,	0.3914,	0.7720
93,	1.1192,	0.0022,	0.4067,	0.7720
94,	1.0296,	0.0023,	0.4019,	0.7720
95,	1.0925,	0.0018,	0.4162,	0.7720
96,	0.9831,	0.0023,	0.3724,	0.7720
97,	1.0284,	0.0021,	0.4000,	0.7720
98,	1.0856,	0.0021,	0.4048,	0.7720
99,	1.0641,	0.0021,	0.4114,	0.7720
100,	0.9982,	0.0020,	0.3914,	0.7720
101,	1.0253,	0.0017,	0.3981,	0.7680
102,	0.9482,	0.0020,	0.3552,	0.7680
103,	1.0314,	0.0024,	0.3981,	0.7640
104,	1.0217,	0.0024,	0.3752,	0.7600
105,	0.9608,	0.0020,	0.3657,	0.7560
106,	1.0009,	0.0023,	0.3762,	0.7560
107,	0.9207,	0.0019,	0.3514,	0.7560
108,	0.9728,	0.0027,	0.3790,	0.7520
109,	0.9738,	0.0020,	0.3781,	0.7520
110,	1.0366,	0.0019,	0.3867,	0.7600
111,	0.8540,	0.0025,	0.3105,	0.7600
112,	1.0262,	0.0021,	0.3838,	0.7600
113,	0.8465,	0.0017,	0.3267,	0.7600
 - DONE -
